0
31
861
202
272
671
318
161
372
425
82
474
70
840
59
293
917
367
774
327
697
844
717
306
162
329
466
246
825
279
481
149
874
287
772
976
492
887
827
20
141
143
500
21
592
9
774
650
770
708
557
206
681
592
955
644
998
243
676
295
85
772
495
881
509
573
953
684
338
7
705
988
774
749
197
143
913
784
589
864
689
287
93
628
280
877
161
273
543
960
174
157
268
177
576
498
285
155
609
739
746
80
76
59
106
795
805
381
612
436
740
493
341
818
817
141
93
67
60
193
672
227
570
254
365
837
314
314
656
692
902
318
478
296
766
740
551
723
411
542
595
880
668
112
471
403
114
53
548
673
80
921
838
681
927
277
700
734
499
663
158
230
946
364
126
986
306
54
101
866
554
697
100
668
16
309
904
535
327
442
900
347
353
487
71
850
760
180
922
493
127
892
403
207
807
587
109
623
927
540
326
448
226
184
690
996
629
691
540
97
747
148
232
880
713
438
980
154
39
184
9
378
394
363
82
453
504
460
675
817
566
253
372
582
874
607
257
696
557
878
360
363
621
780
457
205
698
837
751
901
186
775
267
295
702
456
964
188
12
224
899
322
862
763
966
274
396
836
20
246
52
507
422
0
150
709
312
395
547
260
151
292
76
705
330
789
655
566
896
21
255
884
684
32
158
155
412
418
143
3
529
762
570
230
862
61
485
75
367
664
205
803
521
418
39
992
160
46
58
101
803
954
115
213
763
980
497
32
593
802
922
511
660
999
769
715
894
994
732
781
16
366
319
74
783
260
855
918
48
894
924
488
689
378
422
746
696
341
629
509
968
101
990
24
616
356
510
646
810
635
951
498
485
996
239
198
437
689
759
32
612
800
464
168
634
74
962
787
870
430
5
221
577
882
58
474
931
869
859
721
981
212
154
661
825
189
17
816
560
468
439
148
799
872
95
598
799
217
474
403
501
703
780
315
35
604
291
58
465
219
84
655
855
342
305
471
916
723
410
84
808
252
36
347
884
860
437
250
421
368
650
429
635
758
812
455
537
615
307
240
408
724
655
179
960
35
323
894
467
513
877
673
414
582
144
975
470
153
313
613
816
483
135
465
144
330
662
821
856
155
176
747
275
344
247
38
900
689
80
664
14
618
581
770
191
894
811
641
487
781
747
191
378
905
526
874
727
298
593
108
344
353
422
573
913
679
737
995
358
95
400
277
922
236
387
80
528
513
537
224
195
415
969
502
578
371
375
788
914
681
573
527
929
228
22
979
495
970
206
826
95
432
61
997
384
704
865
820
394
655
275
865
181
366
412
82
968
5
187
104
62
636
272
803
118
694
406
488
521
100
937
324
950
273
793
855
420
503
285
725
334
426
432
973
361
586
709
482
175
324
417
483
356
465
64
180
997
550
457
894
821
590
417
298
841
579
281
643
880
253
623
45
474
822
867
221
977
668
700
267
905
236
478
352
807
607
24
415
229
490
512
251
553
604
336
572
764
702
162
924
440
714
558
545
515
732
894
548
603
845
426
21
944
37
732
906
259
643
934
782
56
96
359
882
203
944
586
985
791
386
25
22
607
787
469
506
739
934
279
161
137
992
131
339
154
418
497
103
380
296
274
68
297
841
242
374
584
56
264
393
75
764
415
30
712
515
442
725
3
96
240
528
807
622
263
836
476
455
42
667
667
426
233
579
351
91
855
582
838
24
669
667
846
360
828
804
919
79
264
515
746
777
450
387
169
891
472
140
928
620
591
89
446
36
697
135
193
99
349
624
436
574
302
694
411
90
712
969
215
804
426
703
982
429
34
739
109
594
613
896
609
772
319
625
871
271
261
72
377
11
325
885
176
71
871
375
156
258
472
911
420
152
121
633
304
392
571
852
837
168
743
763
692
162
356
295
923
415
218
241
36
863
837
14
184
523
283
629
546
561
463
787
179
728
246
164
883
896
92
259
894
691
121
418
431
432
784
886
413
891
568
10
880
581
395
929
914
577
649
388
124
87
993
514
966
277
402
671
469
64
83
758
149
878
211
551
158
613
639
952
979
266
11
260
196
984
959
810
149
520
286
603
508
311
326
779
83
684
890
45
390
909
480
414
798
90
679
869
282
129
909
811
86
244
953
391
853
778
944
105
0
281
710
237
400
103
675
33
660
977
719
692
550
334
675
557
367
325
396
96
290
793
536
545
29
674
501
316
295
563
217
526
906
430
643
272
574
721
210
493
656
321
596
534
435
132
513
782
708
222
432
969
750
808
415
6
931
541
467
464
543
827
99
51
633
176
9
703
886
814
52
140
858
25
934
7
104
988
289
951
1
61
65
242
304
770
394
808
742
974
363
782
200
950
364
926
277
371
935
541
269
422
275
722
879
536
850
65
200
477
756
190
758
764
773
684
674
663
274
331
240
242
408
729
445
203
239
659
261
503
751
815
733
976
907
754
163
443
161
177
939
65
115
892
813
891
238
80
662
864
810
723
34
752
522
283
34
746
403
25
336
707
992
566
369
296
930
515
980
476
389
327
118
108
24
714
334
645
346
232
144
139
709
894
556
56
328
935
303
632
991
67
582
753
394
853
343
596
276
48
430
504
761
14
112
853
593
582
813
869
183
955
78
645
631
524
71
842
153
693
166
802
588
89
407
56
897
751
902
476
833
165
439
538
202
255
873
438
384
683
73
45
43
81
498
930
190
54
670
943
26
80
113
89
233
665
545
668
643
349
368
931
442
442
764
730
346
580
931
890
414
474
262
297
419
458
517
931
953
694
272
330
680
135
216
218
420
631
61
283
980
752
143
343
895
220
986
371
526
36
395
129
151
674
860
391
9
949
325
979
439
418
624
114
551
414
121
801
94
92
347
237
455
82
707
488
940
607
519
893
779
185
953
964
517
269
671
731
714
433
191
793
123
967
303
550
778
985
54
344
654
416
123
505
821
475
619
529
275
475
600
871
847
106
869
95
889
512
830
362
637
804
463
482
429
845
711
29
203
435
820
242
951
239
437
704
35
83
514
23
553
463
299
17
172
392
987
113
95
920
799
972
86
972
566
548
737
326
81
86
372
865
800
782
291
460
666
89
253
74
106
916
380
976
511
186
903
152
727
500
415
276
370
888
571
863
2
883
380
444
472
397
533
893
956
139
432
245
514
558
839
631
189
544
316
183
960
373
888
12
89
626
586
629
659
76
805
418
354
768
643
4
773
775
637
651
825
381
585
25
13
649
356
954
631
635
872
19
198
713
681
111
651
755
794
293
115
146
704
594
281
876
764
573
699
178
339
787
524
466
415
499
524
541
574
258
383
307
513
186
605
483
538
106
567
40
681
849
511
346
389
364
520
270
936
486
795
701
998
465
749
243
40
628
737
53
462
772
470
69
659
150
390
100
419
168
573
524
341
140
950
566
180
715
888
405
304
841
434
583
673
365
770
450
29
642
668
644
195
743
998
819
679
143
589
122
986
986
980
143
322
280
865
336
606
652
278
125
964
504
816
200
129
682
441
718
406
33
662
416
150
432
149
849
899
164
67
245
604
762
678
721
622
644
13
826
393
194
662
666
970
105
970
71
833
127
189
566
650
562
392
109
909
116
185
838
597
976
517
310
343
214
134
974
697
876
482
849
474
376
91
652
324
41
752
855
955
926
22
406
689
254
860
106
253
89
445
857
3
109
459
295
973
577
396
508
452
882
688
855
985
248
693
101
984
474
848
352
369
822
525
540
907
400
396
427
171
659
347
369
301
856
243
320
971
601
88
820
248
838
373
939
264
877
674
420
861
332
770
502
651
72
862
159
140
556
656
737
852
149
384
225
629
278
45
646
514
551
411
298
897
182
611
832
851
345
318
406
819
307
860
386
82
449
774
347
677
545
626
339
688
901
133
669
77
202
871
675
484
208
148
220
665
619
799
910
492
750
989
248
673
859
287
226
643
242
581
76
262
455
621
176
277
268
243
335
687
219
555
948
464
870
656
755
272
120
667
185
134
204
128
525
195
212
48
384
20
256
180
212
90
637
283
835
416
622
445
247
457
687
757
147
742
348
872
962
889
921
271
315
928
836
252
206
107
356
970
362
604
811
49
509
809
713
581
541
109
349
547
819
336
728
967
96
310
970
312
791
142
524
994
594
227
791
960
651
85
47
705
804
485
743
240
612
522
566
813
158
561
853
435
857
227
231
504
759
860
581
69
83
110
696
549
958
590
229
926
613
758
806
736
495
459
404
386
58
783
347
607
195
180
550
74
558
985
849
512
240
789
539
814
570
323
470
976
986
775
325
903
231
709
921
372
358
25
659
698
272
602
471
916
799
578
874
505
507
419
4
967
783
198
719
795
873
768
145
643
894
746
270
724
38
474
443
751
459
384
893
963
573
438
620
23
757
571
274
849
684
293
880
669
775
889
512
842
505
881
286
249
540
670
273
297
957
541
192
841
5
440
3
549
168
207
741
538
498
175
215
305
455
320
429
250
742
369
824
359
869
554
723
816
425
916
554
611
301
352
751
434
341
802
404
399
156
276
47
402
92
612
178
149
579
169
366
168
350
847
77
330
258
130
550
698
686
57
353
731
774
301
469
154
954
781
24
38
525
465
17
880
247
306
657
736
206
462
175
709
408
236
208
318
858
408
129
577
105
868
922
801
471
737
461
451
474
390
309
565
156
50
394
567
316
885
166
500
876
773
103
987
862
151
669
461
744
637
87
461
102
328
532
42
877
961
609
603
667
346
221
660
818
755
188
388
288
179
230
951
518
630
164
947
803
910
430
479
880
520
317
687
738
620
468
756
868
227
559
718
444
71
234
581
174
763
674
592
795
221
394
679
455
513
136
357
459
537
976
667
124
216
976
921
716
128
30
321
710
743
722
731
853
687
342
162
774
705
394
761
111
248
214
351
398
857
566
819
200
755
305
900
223
332
489
157
378
441
534
193
60
669
277
404
85
21
52
816
61
668
153
801
147
701
266
712
449
50
763
757
538
993
933
631
813
933
544
716
708
349
313
906
966
119
166
328
472
602
388
537
368
191
24
947
457
221
140
586
102
430
803
429
122
382
892
889
423
533
97
248
329
849
713
73
867
159
98
924
483
664
888
892
918
267
345
765
236
655
440
875
239
291
527
917
746
757
728
285
472
103
367
730
506
137
99
385
592
809
549
438
733
142
607
30
825
343
718
146
318
53
787
559
136
880
545
133
341
654
503
4
270
65
842
470
144
613
848
611
359
43
757
946
973
675
114
678
95
315
14
309
179
666
818
696
458
397
227
816
981
315
796
811
16
293
273
101
788
883
356
598
780
787
729
352
97
605
497
138
622
537
366
803
936
950
186
421
259
993
713
534
879
683
700
51
802
116
678
584
626
752
32
271
855
919
236
388
139
979
356
294
192
814
175
505
343
563
558
949
987
776
907
683
390
405
825
644
608
317
339
212
484
232
302
634
975
273
816
612
274
543
809
605
483
403
107
619
800
368
617
572
477
803
478
486
9
831
294
89
306
129
806
602
830
534
607
767
923
633
769
415
817
750
487
110
61
16
94
678
344
429
63
662
958
88
863
997
371
14
750
465
659
240
893
700
773
76
404
831
872
739
166
11
224
755
540
425
384
818
331
542
653
14
611
665
46
594
261
96
253
711
348
425
321
792
679
783
60
478
166
62
385
282
840
445
91
415
632
746
801
425
283
399
47
594
990
110
752
241
641
490
571
380
759
206
835
379
510
451
82
561
381
778
415
907
390
589
157
290
941
845
551
909
678
768
485
843
948
601
474
900
734
716
384
184
171
618
635
48
998
638
868
352
552
371
307
212
181
145
297
646
164
74
764
794
509
493
569
639
244
821
3
395
37
139
888
990
288
51
46
299
19
601
91
79
199
314
798
749
344
640
532
449
510
360
459
55
37
748
539
61
657
531
517
505
816
952
424
364
327
473
285
85
716
928
60
174
858
157
11
21
776
431
19
370
707
212
549
125
786
33
276
395
980
570
590
960
98
175
470
580
23
432
458
814
496
535
728
274
78
528
465
486
138
705
60
781
996
714
835
885
548
178
304
125
20
856
183
444
679
657
646
613
626
50
561
345
35
665
687
215
426
134
66
554
859
472
93
760
135
530
9
671
379
341
785
943
603
385
647
594
118
77
712
140
901
31
482
991
270
889
172
39
484
760
111
590
131
575
700
86
398
902
653
274
601
8
523
741
567
229
727
0
743
937
571
542
130
655
0
518
407
108
55
990
849
267
290
909
912
684
602
242
573
650
242
936
801
992
962
615
768
540
556
206
644
574
264
904
109
782
782
145
916
549
852
518
135
597
681
782
929
294
663
414
965
171
139
352
834
435
186
864
77
549
657
709
680
146
974
14
151
847
389
544
534
768
717
271
971
768
753
432
670
733
884
491
394
441
600
672
819
808
922
991
381
564
947
957
472
646
23
362
83
866
271
841
262
650
446
104
0
878
368
35
392
153
408
65
197
14
770
497
139
908
535
701
582
970
730
353
410
889
876
142
249
433
768
614
368
406
476
74
883
102
775
720
116
537
521
431
223
22
684
883
445
863
32
903
597
231
703
254
648
522
136
251
509
718
112
895
385
578
884
441
295
693
616
570
628
694
646
588
841
177
269
337
654
125
61
708
361
891
953
967
105
19
549
288
237
470
425
169
112
34
387
669
928
983
924
619
482
263
349
238
933
766
343
820
946
479
909
431
821
569
956
757
466
682
0
557
324
18
718
373
613
970
343
423
489
381
122
858
996
710
336
784
898
655
613
748
769
34
505
590
944
965
581
836
184
642
516
63
176
267
896
898
217
911
752
574
700
374
21
227
254
328
454
335
649
290
679
988
836
230
418
907
709
854
87
375
475
856
263
518
715
700
753
588
522
710
253
194
300
529
827
622
104
241
689
701
616
693
28
860
124
834
858
304
113
92
123
494
320
111
549
331
378
380
972
742
387
548
126
558
41
490
134
890
163
399
170
398
744
466
42
139
879
940
676
911
166
612
729
268
468
23
823
621
118
946
128
108
939
934
292
145
695
978
927
832
810
580
164
641
495
787
989
50
609
972
362
56
897
424
335
724
433
32
672
204
404
617
689
891
572
706
313
639
44
793
583
204
193
392
81
351
843
414
32
275
90
682
49
275
347
619
763
844
493
412
826
604
219
189
8
748
943
29
390
923
891
815
867
712
223
269
471
152
282
681
222
947
363
148
508
303
576
363
224
561
694
259
155
44
65
37
335
787
975
396
366
85
52
999
937
17
578
475
24
370
820
503
501
651
734
778
153
79
658
902
321
763
845
502
671
453
956
112
806
572
859
630
724
418
358
381
340
732
701
101
571
35
978
371
702
427
775
308
37
749
681
560
47
289
523
896
523
463
423
946
449
119
49
879
588
416
657
71
15
424
801
65
83
879
798
354
549
768
325
802
854
656
753
738
785
934
70
24
4
407
514
647
184
897
265
622
723
777
812
263
291
613
852
116
673
339
832
101
655
619
486
652
939
351
993
916
310
443
593
298
547
323
791
903
819
828
495
665
534
400
702
223
888
773
595
829
593
553
151
838
526
380
628
578
268
585
538
652
786
516
964
957
724
952
331
977
56
287
989
142
67
391
222
300
915
329
536
608
237
364
342
367
557
902
385
628
457
315
540
582
770
806
822
70
250
738
728
714
483
104
265
515
8
56
280
919
873
661
945
684
139
317
504
73
33
490
657
178
763
698
168
421
207
918
572
531
978
826
92
535
584
559
107
575
683
905
804
582
654
100
860
117
973
660
257
914
132
902
611
933
82
97
604
961
434
412
384
65
903
68
47
438
729
388
562
440
62
651
734
872
541
933
83
796
555
345
731
430
921
350
678
926
953
77
49
72
179
800
192
224
162
16
734
2
182
777
946
556
752
211
28
447
205
398
182
437
841
27
576
738
357
498
555
517
555
404
715
703
560
547
697
388
31
927
809
382
95
369
838
700
1
705
657
46
711
687
492
583
928
63
956
530
290
464
205
395
706
51
835
880
85
71
367
766
926
760
444
312
513
258
84
973
700
454
610
485
511
945
112
608
52
514
549
82
457
818
856
577
866
191
654
709
654
743
434
395
404
177
327
104
370
990
795
807
378
986
890
656
451
270
906
712
591
145
552
243
490
584
3
408
137
202
433
372
556
889
896
138
165
544
659
648
490
566
348
960
207
28
518
533
767
712
507
924
64
422
675
442
908
240
404
561
258
664
449
131
472
786
515
688
47
930
160
411
590
439
385
520
998
512
528
165
83
277
309
100
130
516
144
687
123
714
85
39
612
361
996
325
473
664
822
567
28
106
64
441
276
517
815
903
202
575
971
681
416
922
476
925
589
300
702
564
436
391
338
169
222
280
383
371
21
709
112
124
230
548
121
361
45
158
810
852
913
553
913
288
174
556
934
913
380
350
606
235
39
106
718
610
749
610
932
765
969
56
443
535
912
434
597
375
284
176
812
438
864
989
436
268
154
45
377
405
585
947
629
442
15
149
48
348
497
744
984
80
559
796
644
806
477
644
272
262
272
837
523
61
428
627
637
987
544
204
264
570
425
73
61
505
338
263
415
696
412
278
894
968
426
973
305
769
465
764
443
381
178
859
916
450
621
414
630
883
924
804
819
404
263
415
706
322
872
643
173
296
77
12
33
159
593
582
783
88
560
80
923
671
60
415
225
660
96
502
544
476
263
567
33
735
602
360
885
369
372
939
941
118
719
948
788
460
475
574
202
251
584
584
40
644
869
131
954
76
151
243
522
364
921
169
660
216
83
2
432
699
482
251
604
461
202
291
561
759
878
851
450
576
501
969
637
395
446
85
869
410
721
196
725
221
649
241
223
328
493
135
700
945
740
135
311
952
35
450
770
19
998
270
181
209
415
631
74
595
523
808
4
701
384
121
329
800
589
364
9
381
755
258
555
317
571
600
479
543
363
37
848
282
422
638
815
123
573
672
225
493
720
286
657
319
357
980
525
934
273
74
69
514
936
573
381
604
294
106
789
518
976
866
245
669
128
718
538
122
358
893
481
917
550
955
393
961
498
940
519
531
623
859
223
693
239
984
75
173
115
568
189
489
302
955
424
379
482
225
300
835
298
802
748
273
418
708
41
651
307
370
535
579
953
162
55
711
13
99
52
967
133
353
891
392
410
526
867
689
245
828
819
721
59
607
448
543
615
888
698
741
922
843
810
145
967
377
912
192
745
228
241
510
338
283
373
497
9
3
69
952
565
148
576
66
449
221
518
290
328
292
723
914
125
136
599
371
759
852
912
586
62
387
87
903
609
631
380
396
451
12
543
603
982
759
819
985
416
260
411
655
631
171
745
178
335
226
170
480
815
888
934
171
732
292
551
825
716
124
922
15
727
384
814
152
427
190
563
420
49
42
96
354
490
228
656
871
615
295
809
773
10
740
625
55
665
363
109
533
321
941
272
604
467
154
427
189
220
921
586
142
577
589
58
686
761
621
613
657
666
730
816
627
612
615
397
173
911
724
754
862
976
717
973
742
945
557
939
381
75
387
432
751
369
626
295
522
191
958
40
531
830
118
508
499
276
674
427
286
660
201
994
226
122
537
831
338
74
34
925
473
92
973
413
674
938
582
324
318
417
302
628
814
92
250
217
923
51
29
659
988
242
324
851
616
92
941
918
627
406
227
974
289
766
21
605
165
933
587
175
102
969
170
330
155
75
122
289
512
375
749
801
696
129
326
864
603
111
922
571
172
137
982
692
730
979
824
848
309
147
476
396
484
264
531
367
534
43
930
89
958
78
852
329
659
934
142
89
333
291
925
395
867
100
349
699
778
7
627
751
16
512
786
48
651
612
807
226
255
902
75
994
28
378
313
482
951
409
413
95
534
638
848
258
930
773
580
633
488
514
632
686
26
101
758
710
367
213
873
658
953
198
162
401
570
886
56
265
478
448
479
968
508
47
45
295
910
269
130
145
999
555
990
792
908
129
336
476
976
158
57
681
591
117
997
717
509
603
962
451
969
84
386
310
138
305
319
906
683
348
659
904
524
577
808
974
56
949
166
954
399
428
142
578
458
485
590
370
848
921
862
576
986
493
883
237
885
87
930
757
455
404
27
592
354
416
143
900
695
57
599
269
136
896
362
897
173
771
155
800
669
620
543
943
917
990
421
382
787
962
587
780
757
478
299
910
862
301
10
6
877
88
687
63
263
323
405
453
683
83
109
465
132
875
742
621
977
30
155
894
461
386
457
171
450
247
744
571
495
848
371
494
483
818
188
491
438
363
412
326
263
170
69
836
473
248
152
442
211
210
942
437
100
709
156
394
723
30
833
306
780
67
147
329
220
164
559
225
892
560
977
862
515
421
860
402
9
694
418
6
492
268
344
190
479
169
755
176
93
787
239
861
322
357
208
245
625
184
964
451
439
348
148
671
371
866
507
667
134
557
137
679
519
81
625
848
948
897
778
512
406
120
840
997
804
508
379
740
63
76
268
875
468
52
424
631
89
177
239
151
320
572
860
592
822
668
751
622
436
913
202
662
833
268
717
492
987
700
438
76
727
178
40
713
947
888
759
883
257
664
488
387
116
866
93
640
758
187
393
239
450
128
457
151
877
113
153
139
710
505
115
282
637
971
551
700
424
963
560
837
791
280
889
928
152
954
292
486
511
939
924
940
75
342
425
769
368
179
634
746
891
884
95
155
642
73
778
86
21
272
687
165
934
617
279
338
133
744
868
557
94
363
422
484
976
250
444
573
462
627
851
137
525
190
15
254
420
246
397
637
442
705
452
807
257
909
702
201
844
533
185
46
349
41
665
143
393
433
303
886
645
262
697
152
686
166
464
905
475
391
791
633
967
38
621
969
661
29
401
113
149
10
559
913
945
695
136
707
147
365
244
295
732
527
267
646
525
945
986
200
142
549
43
872
455
941
414
120
372
492
823
688
987
254
260
882
379
185
22
480
635
411
963
653
864
508
861
491
273
52
78
997
581
904
941
665
343
974
502
996
949
453
620
555
377
734
511
443
977
516
211
282
833
824
609
80
512
930
981
572
237
402
189
917
783
778
975
842
646
586
12
601
273
708
646
358
417
311
489
851
893
830
295
450
295
751
783
960
473
159
332
792
803
300
722
350
565
635
339
744
956
118
521
200
558
694
956
756
282
235
322
129
108
412
570
834
154
227
541
943
873
202
823
69
436
443
33
450
572
79
931
233
446
801
62
327
345
487
813
427
225
149
93
62
433
686
35
802
119
179
391
946
169
706
567
337
678
916
430
136
279
856
350
682
865
758
118
782
501
805
678
60
578
83
838
204
505
218
390
236
479
425
295
149
141
959
877
544
149
199
176
95
989
850
899
982
540
0
628
627
223
6
218
363
749
461
546
873
790
714
40
534
102
671
666
1
901
889
271
655
549
158
486
777
831
89
584
539
377
432
983
194
36
89
303
59
227
97
157
153
584
19
94
612
430
518
372
213
887
66
471
651
653
52
528
398
763
740
115
275
860
846
27
78
794
694
6
885
578
194
567
893
8
122
362
897
488
453
735
764
867
700
401
527
318
531
424
942
572
108
905
627
50
928
58
139
676
101
601
595
445
346
624
709
12
150
358
336
876
856
527
898
935
642
188
295
474
634
248
156
873
644
68
549
587
252
824
505
193
231
568
959
551
539
129
981
377
372
299
389
774
999
975
126
516
381
162
983
135
792
29
553
109
935
423
509
690
285
531
568
181
645
590
762
695
149
836
855
708
196
106
32
938
41
760
221
359
51
858
633
389
827
746
413
550
711
493
491
155
381
835
987
806
544
550
805
756
943
453
243
440
172
402
759
704
35
16
225
545
422
12
303
403
950
334
781
295
842
503
995
357
790
844
685
561
773
538
903
690
77
640
824
836
991
513
575
985
923
327
445
481
910
563
68
423
763
681
466
272
338
380
36
247
647
123
851
268
813
845
889
533
99
12
39
989
484
470
6
273
538
734
452
903
565
655
18
772
260
625
46
236
351
755
146
356
981
688
940
77
789
964
609
396
947
133
100
816
622
4
89
638
603
729
85
875
84
633
257
852
824
960
861
770
173
964
372
794
711
6
673
466
466
595
929
470
951
526
978
65
517
553
379
727
732
258
446
789
801
47
907
144
229
434
20
285
236
43
275
247
647
2
36
241
248
637
725
25
830
662
416
313
422
254
946
766
431
720
905
364
692
650
105
205
641
745
394
22
112
734
934
980
488
49
282
535
182
195
893
407
695
968
918
962
730
950
377
560
94
966
97
650
371
396
2
671
614
547
623
47
517
479
943
836
826
976
926
812
953
576
342
41
45
822
755
244
976
187
772
490
7
302
922
22
97
444
766
256
96
444
110
258
305
426
411
237
141
66
753
862
889
289
999
431
774
559
966
220
835
213
749
518
348
485
545
185
767
157
582
753
423
997
26
377
469
424
962
182
805
53
811
802
958
47
804
159
162
462
352
777
120
979
441
180
183
728
398
171
918
98
647
32
321
716
306
957
147
28
737
248
82
124
415
80
767
769
715
883
882
770
482
632
790
140
495
595
471
694
178
341
729
35
177
42
911
68
650
379
613
492
392
591
124
921
144
471
566
572
703
342
998
676
689
328
939
54
75
457
59
502
849
384
19
940
402
810
699
471
526
850
286
777
99
946
975
538
844
78
244
779
758
351
964
325
74
239
806
781
862
38
687
721
637
318
249
988
569
440
585
295
167
407
723
544
546
622
569
521
626
330
331
917
883
804
625
813
500
565
768
86
51
189
985
376
39
486
518
554
937
115
860
867
569
915
621
160
935
512
732
873
868
989
998
713
96
673
215
193
600
335
343
436
351
340
473
943
812
563
567
220
786
97
203
463
496
67
819
693
985
83
179
45
211
140
57
101
434
9
361
469
769
405
191
2
991
498
563
353
983
549
779
770
408
725
687
314
478
383
297
915
930
380
517
944
563
200
959
215
948
939
79
597
169
460
111
656
711
248
555
988
842
775
176
189
110
416
772
604
809
212
175
301
521
29
243
931
99
912
798
394
702
671
775
490
727
14
43
975
769
753
642
686
945
897
421
668
218
665
311
471
550
731
714
30
21
232
743
818
258
347
306
178
780
488
249
9
138
407
69
239
939
755
907
735
116
901
816
600
71
47
547
4
527
947
314
981
214
770
297
871
744
905
857
312
278
753
688
973
860
809
410
430
510
575
323
878
441
102
308
581
24
212
114
247
331
691
517
740
395
2
73
809
528
315
466
745
310
908
671
151
118
218
428
235
286
109
755
310
275
141
479
409
449
892
37
196
320
626
7
594
377
863
131
805
846
632
788
626
5
470
167
265
901
458
626
43
587
833
957
682
235
988
557
88
731
893
729
801
617
242
606
535
488
870
420
483
201
240
118
310
507
38
538
993
965
184
648
945
250
802
575
93
208
942
406
823
274
102
997
964
110
855
277
254
572
116
782
923
360
852
394
354
976
286
533
963
832
877
277
737
625
648
145
101
342
628
534
22
494
483
37
543
454
612
126
150
987
271
948
656
355
509
192
517
588
967
295
757
788
848
438
918
580
581
93
711
54
2
88
297
826
79
435
344
68
487
397
322
609
586
539
666
486
577
730
764
533
914
355
912
887
234
197
688
498
390
737
387
25
346
856
462
719
9
169
131
137
282
476
573
828
887
68
392
316
755
866
260
20
34
637
916
946
2
759
953
276
441
284
42
204
271
266
537
637
474
607
619
614
627
890
410
550
580
939
725
676
67
99
374
270
317
453
211
550
945
471
321
329
679
833
45
801
715
388
741
60
748
508
475
213
981
304
43
197
650
445
8
662
867
569
681
522
828
507
191
47
687
820
102
586
627
373
214
296
946
932
499
485
188
21
322
419
630
526
382
707
657
771
39
634
834
55
954
30
711
895
205
554
678
435
310
493
386
784
826
433
558
247
439
424
226
686
735
478
689
505
45
532
743
991
69
219
978
979
174
62
188
100
554
950
197
82
663
9
634
837
605
221
474
326
391
402
373
433
240
404
100
330
349
641
625
72
800
310
636
402
522
904
559
0
491
882
349
672
580
613
629
192
733
936
947
799
388
964
218
583
318
976
634
229
317
518
598
870
389
65
475
25
383
856
202
861
226
762
71
255
186
295
207
400
843
119
556
940
667
668
430
849
404
740
891
573
673
164
539
132
447
908
486
192
346
236
574
339
917
768
126
19
307
564
780
905
20
575
208
661
667
87
752
333
885
5
297
873
847
93
899
494
35
528
993
886
202
374
210
483
678
843
104
297
472
443
341
39
805
378
138
515
33
812
10
528
101
848
108
778
968
337
709
487
671
879
645
731
945
618
722
731
577
696
425
560
914
470
458
26
190
865
911
697
609
448
105
317
344
110
407
83
871
443
578
527
322
183
419
991
773
332
800
912
634
800
336
420
569
701
281
979
620
639
420
42
446
616
15
975
863
399
106
718
94
472
692
926
412
926
622
571
87
894
214
245
821
398
913
630
77
705
534
904
995
569
882
26
795
952
801
167
856
87
944
757
878
3
817
882
816
859
888
18
491
699
811
340
64
493
60
84
778
568
523
696
665
791
848
763
112
109
597
948
475
313
489
415
165
130
295
487
861
0
179
517
792
156
516
199
243
857
508
814
720
892
128
140
438
704
193
12
55
754
618
765
828
982
136
44
604
462
49
722
331
633
786
896
0
692
332
214
190
29
817
997
649
794
811
914
569
974
122
169
486
572
156
453
972
762
111
140
543
123
577
458
459
305
327
622
327
747
341
165
690
309
376
947
18
906
609
585
772
532
168
273
471
260
582
241
920
91
464
340
36
755
957
459
934
831
748
804
191
779
702
226
483
766
401
121
981
377
141
611
210
577
190
1
276
534
344
747
637
167
77
418
840
513
844
378
895
291
325
190
212
259
653
960
260
235
935
115
396
871
599
340
501
570
379
673
373
125
969
980
42
959
657
292
413
69
473
758
939
30
661
170
210
677
510
322
666
314
851
665
824
567
757
11
715
240
250
250
436
777
62
338
5
198
741
20
919
610
655
33
111
661
686
774
214
536
666
655
299
369
851
651
529
161
966
754
376
582
650
330
343
254
306
611
352
383
694
799
221
840
780
530
912
59
659
673
450
356
595
695
710
531
462
89
478
863
156
589
462
853
751
157
174
331
462
981
859
777
709
968
891
977
816
464
296
367
169
178
352
670
844
568
404
695
41
141
342
400
832
428
402
581
54
610
212
802
369
18
259
408
805
7
198
755
310
940
669
994
129
242
554
31
44
790
837
524
774
104
493
13
81
73
79
556
389
214
944
476
945
683
235
73
833
536
119
425
386
956
891
612
785
456
895
4
901
269
421
446
673
419
9
461
566
214
830
834
914
129
60
175
185
331
424
331
470
315
331
751
747
400
275
162
707
55
416
172
199
302
518
653
579
668
669
17
529
436
445
738
115
161
453
741
162
703
416
509
220
245
215
15
673
49
587
847
796
912
362
131
800
577
447
105
163
572
956
470
789
211
165
855
804
753
220
28
29
933
754
698
417
369
857
14
22
573
46
140
278
542
180
495
646
174
476
526
921
993
55
124
743
905
686
38
125
991
658
908
16
545
936
755
223
869
42
59
233
531
323
776
711
100
520
893
756
562
829
406
178
933
856
799
370
771
158
407
547
599
271
267
429
455
410
303
627
67
263
980
319
373
546
756
978
381
238
969
226
602
681
1
89
537
951
832
221
955
182
347
869
943
764
7
656
968
579
731
447
429
712
119
874
440
291
348
292
822
389
384
232
543
163
333
636
88
635
73
429
493
813
507
216
31
45
46
160
780
800
194
329
557
287
336
70
963
591
86
193
500
235
812
27
29
356
187
628
12
907
891
705
312
560
804
44
510
227
317
484
978
380
610
747
198
588
5
655
63
931
768
550
133
238
945
942
90
296
118
703
872
468
167
338
229
383
418
135
668
623
770
249
39
583
665
2
236
917
18
957
755
247
459
558
79
64
491
387
149
971
442
328
376
723
299
192
952
697
798
599
433
753
370
153
831
624
811
226
698
281
781
882
940
932
487
744
337
583
171
850
20
325
244
796
370
779
203
715
79
370
656
876
375
336
96
973
614
670
263
377
751
389
214
914
412
830
450
960
546
868
723
896
908
250
374
231
840
448
307
927
99
722
970
732
703
298
945
563
36
843
5
240
703
653
756
114
857
237
208
386
987
195
903
170
405
596
447
583
916
244
556
431
393
528
984
263
268
766
928
857
137
218
785
431
1
190
359
122
849
904
887
533
580
42
478
393
499
163
842
631
864
383
412
405
231
13
209
891
560
69
73
865
347
822
115
393
234
818
493
158
853
34
881
237
886
92
234
366
563
706
708
980
95
786
851
607
773
859
418
369
713
742
422
678
489
637
275
395
131
59
141
15
227
285
848
664
109
229
972
966
366
933
955
67
158
77
364
371
71
198
654
775
497
522
34
462
773
596
309
539
563
138
803
71
217
765
711
308
90
542
507
151
64
502
261
155
743
582
960
611
68
617
222
517
327
347
982
462
803
587
29
749
541
982
495
275
960
38
659
989
312
322
673
954
205
30
69
333
682
330
162
819
596
154
695
331
255
361
358
3
571
449
10
782
215
224
748
161
485
120
148
858
901
63
316
490
727
81
590
523
945
55
9
65
380
303
911
281
975
911
265
487
460
975
594
222
877
197
608
835
711
479
898
393
619
464
299
947
959
177
795
471
645
192
55
996
32
10
973
758
824
545
825
392
246
914
888
479
959
939
639
986
448
39
895
399
872
425
502
596
621
789
427
753
35
881
370
839
58
673
250
483
775
15
175
277
93
963
765
793
36
191
917
877
394
173
391
11
707
50
818
783
823
344
991
772
508
963
541
397
853
143
376
504
446
278
467
778
556
776
864
232
820
396
37
353
141
712
904
692
809
646
158
933
65
222
757
761
599
983
669
52
704
727
252
198
92
491
868
610
583
958
589
691
167
701
108
834
171
937
216
231
505
723
448
550
240
755
764
779
981
192
371
765
787
182
44
268
612
17
563
564
508
69
109
896
70
956
755
320
854
581
377
747
764
995
628
216
630
229
813
715
471
538
779
75
168
719
184
748
542
419
749
512
61
621
361
398
666
714
118
389
454
834
700
686
193
377
656
589
907
881
473
284
24
679
542
97
807
4
367
997
63
467
643
401
359
78
44
576
231
232
854
195
125
336
766
825
41
989
504
407
134
904
78
30
736
970
824
527
551
153
558
706
992
131
473
259
910
859
627
640
182
469
133
474
909
181
421
264
198
155
160
487
765
443
727
328
846
474
304
638
140
737
985
891
791
585
487
190
615
336
340
627
76
87
644
535
741
916
774
436
194
398
629
721
646
595
286
375
730
954
178
280
203
780
141
896
558
207
946
377
762
833
183
400
611
452
590
271
447
543
204
100
200
450
928
83
11
412
385
203
907
877
157
882
261
759
787
396
36
577
127
82
33
628
918
652
626
632
689
148
741
513
353
342
27
241
95
622
487
899
420
667
37
414
466
453
725
604
947
392
606
479
323
644
498
952
75
905
101
400
175
214
231
735
128
579
127
906
178
467
89
12
553
452
918
438
848
576
896
699
912
212
291
899
842
479
620
988
948
507
156
230
799
92
413
567
704
554
593
785
245
824
225
662
712
71
492
525
561
415
967
879
240
515
753
27
8
85
250
874
598
635
50
301
825
985
675
823
520
338
158
417
378
977
692
712
591
866
838
956
377
713
21
433
751
286
296
257
162
33
633
700
851
295
186
493
36
674
295
769
280
331
196
549
673
290
679
980
648
6
180
712
587
789
30
105
534
840
864
184
658
976
400
509
299
320
105
392
727
517
442
123
956
262
721
127
244
202
765
236
108
488
878
481
994
540
860
91
943
818
42
607
868
644
578
297
299
372
490
284
711
451
175
58
784
186
389
302
220
234
919
202
960
138
436
651
918
442
265
38
596
190
55
529
178
845
581
16
974
940
163
161
316
991
444
199
265
487
496
428
746
981
503
554
961
609
498
313
196
550
891
49
378
254
770
155
990
464
213
566
212
341
89
715
386
231
91
625
166
877
977
62
980
120
265
922
632
384
846
265
179
496
272
679
439
637
694
893
723
467
673
804
668
723
372
344
279
842
846
867
522
398
411
965
100
403
349
889
259
772
406
3
734
490
837
936
195
294
973
357
809
895
545
539
762
58
257
148
872
73
331
911
630
417
14
99
296
663
286
989
896
911
244
729
243
321
902
282
328
506
395
359
697
869
808
533
678
149
130
929
554
751
59
193
55
632
644
631
775
807
998
711
361
768
564
349
605
355
676
630
784
885
390
919
853
587
830
501
368
627
516
195
231
283
433
606
628
66
802
930
759
825
800
498
237
137
714
469
235
536
256
349
777
370
26
257
757
327
369
111
549
949
83
154
326
652
747
492
442
74
626
569
488
781
395
744
874
640
181
401
60
389
631
259
785
227
14
797
905
443
575
985
703
402
638
719
775
419
186
650
861
335
896
324
214
821
878
796
387
727
593
159
527
13
683
633
552
51
703
167
808
368
987
698
77
100
130
505
32
726
824
330
510
859
33
173
207
165
734
957
657
679
718
460
597
87
180
200
87
766
85
198
994
613
536
777
686
987
646
832
65
289
627
234
282
984
99
299
753
114
838
481
331
600
464
724
746
870
785
138
667
623
791
922
5
767
544
703
308
833
417
720
358
406
452
521
335
374
795
87
151
47
458
574
820
427
883
75
965
196
48
82
831
201
95
577
400
498
722
910
489
238
812
896
912
951
45
799
92
24
465
125
718
420
251
398
301
922
164
338
763
479
411
116
386
409
908
602
753
552
172
785
538
628
343
787
242
375
44
131
244
255
91
204
785
766
263
66
719
677
638
45
163
709
209
782
405
482
784
640
654
751
388
669
533
258
659
524
378
711
977
34
745
716
297
319
702
700
934
644
781
111
776
428
704
458
664
71
224
983
918
538
708
998
253
854
313
213
554
942
869
566
264
477
816
387
349
668
830
912
93
154
963
471
192
422
441
873
890
428
449
805
145
344
536
273
41
587
488
403
959
578
775
128
213
881
943
571
151
651
548
170
959
567
505
832
637
666
943
679
893
754
947
167
939
311
775
633
418
68
429
568
949
673
676
161
24
122
877
905
248
872
251
322
142
810
412
99
5
503
297
182
567
399
853
619
418
894
76
214
439
449
276
277
735
170
664
9
788
529
636
350
828
138
349
293
643
762
455
4
330
979
103
262
699
170
567
35
337
752
108
232
550
836
932
924
674
717
349
593
488
883
504
196
717
460
268
86
854
256
172
105
786
841
480
381
964
323
756
622
94
747
555
977
588
289
67
733
259
663
856
412
993
419
28
62
383
50
448
783
557
76
866
792
690
540
59
576
932
570
351
911
727
943
114
821
780
819
117
758
127
61
826
545
68
825
24
895
934
325
347
542
924
963
603
281
497
233
989
465
58
76
549
763
915
608
502
213
744
391
282
878
53
668
414
645
365
242
571
969
120
905
437
603
519
607
220
615
804
776
934
242
693
458
813
367
977
214
448
678
490
924
530
801
955
944
292
948
428
264
15
888
329
611
207
281
296
653
314
668
347
730
74
680
75
787
871
239
872
434
698
822
416
290
593
64
890
49
648
265
692
938
967
582
592
471
159
968
600
700
250
139
5
360
103
130
333
587
717
226
201
146
15
328
312
312
968
32
57
851
185
986
481
764
304
311
579
712
815
139
165
299
161
558
796
632
233
520
488
835
611
500
206
431
174
957
359
769
919
897
793
917
120
79
12
697
168
662
603
767
708
342
118
953
942
281
879
217
190
359
452
960
78
562
768
571
969
548
128
391
476
681
579
521
190
91
390
142
967
550
614
271
389
207
974
120
254
494
554
488
215
732
25
847
910
243
408
54
209
19
580
863
433
232
34
635
642
146
613
959
375
218
206
62
424
439
642
212
527
209
260
522
68
301
901
830
161
699
291
570
717
364
69
821
350
227
919
940
244
947
568
462
332
239
612
181
397
823
419
590
952
267
580
99
20
309
661
700
156
416
220
11
334
658
337
856
554
172
135
816
276
773
33
416
43
513
706
874
903
221
993
573
489
338
234
701
861
575
780
699
481
209
639
473
914
53
518
510
136
400
724
346
534
484
678
41
977
266
3
587
556
575
443
430
862
919
85
514
896
497
622
523
990
218
633
256
329
778
136
281
954
72
869
320
332
517
61
8
871
56
656
971
986
904
238
384
562
336
136
427
945
51
440
321
801
915
927
862
465
141
106
619
631
179
892
227
497
887
633
443
727
766
464
881
835
304
240
612
843
743
529
32
343
791
382
694
301
97
887
996
225
528
733
925
554
537
258
261
372
187
735
924
813
608
860
373
765
951
699
241
728
121
550
626
942
849
482
698
137
891
521
567
526
404
715
555
879
793
571
319
818
588
597
484
662
124
924
708
451
98
256
356
4
280
622
205
109
936
668
841
228
752
475
687
301
310
137
819
524
421
575
1
208
839
341
607
71
181
372
348
585
76
944
991
222
859
311
472
727
340
756
84
754
461
38
670
500
869
477
979
176
723
157
611
434
269
982
230
106
976
562
960
872
295
184
136
702
323
323
831
194
928
455
841
162
130
137
35
88
777
603
250
286
829
342
153
901
782
420
745
97
34
495
414
37
242
792
731
527
966
505
390
423
144
363
981
165
197
343
502
45
811
773
799
70
697
298
338
532
863
451
995
639
208
808
782
816
484
969
672
546
912
843
960
846
11
969
823
742
429
865
996
367
828
638
750
510
115
332
578
764
573
758
279
593
679
782
340
964
664
312
806
376
111
466
56
406
130
653
142
137
922
554
644
65
758
237
175
355
696
893
989
549
552
918
346
86
956
339
567
250
505
806
936
395
341
642
893
564
681
685
165
858
99
900
777
166
615
0
104
118
883
568
389
356
19
395
400
511
876
38
144
460
806
825
815
752
210
780
393
298
420
227
571
682
710
35
927
715
486
749
516
77
948
87
301
170
770
545
98
525
605
84
958
393
446
137
150
357
152
429
178
98
682
330
494
649
836
732
832
768
540
695
346
279
989
320
948
491
179
617
549
53
636
317
96
866
381
899
603
889
430
281
577
974
382
935
519
66
884
404
432
401
22
441
481
533
933
279
260
333
199
746
316
284
792
222
849
711
646
659
786
791
135
165
617
447
11
877
688
505
590
104
869
702
254
979
761
416
536
113
868
228
360
963
415
672
220
922
713
776
353
354
267
271
188
54
32
558
637
879
491
804
18
526
490
777
640
695
979
268
381
115
106
224
771
184
315
938
401
182
384
924
694
314
565
304
334
59
257
860
911
554
875
66
559
6
843
748
659
361
882
198
879
718
11
881
119
221
939
69
139
407
764
33
936
259
154
630
151
434
433
423
56
408
239
660
934
518
682
750
869
143
169
78
271
495
324
279
669
772
661
317
569
642
956
998
428
298
460
755
40
572
401
835
878
836
434
221
191
680
961
936
905
596
494
547
623
159
488
10
264
429
311
198
153
575
268
728
595
933
861
951
235
7
706
195
758
124
765
649
706
747
839
474
483
667
461
10
832
564
652
185
326
673
170
495
682
531
209
151
939
55
690
253
796
413
596
121
657
448
992
110
184
616
677
548
395
692
630
634
622
706
664
427
853
876
973
259
273
480
493
206
42
946
234
466
609
606
24
746
114
876
324
36
657
827
42
355
511
398
514
358
545
721
77
878
424
300
907
802
374
29
36
851
564
279
730
156
393
542
643
718
244
366
427
123
486
557
700
112
779
905
576
880
981
884
149
194
194
98
614
705
760
426
958
59
242
117
370
659
689
318
813
202
743
766
417
334
360
626
622
48
227
719
236
669
138
613
837
546
896
316
187
813
533
562
581
816
892
914
299
73
873
170
592
875
883
815
866
899
296
493
984
410
959
742
865
955
53
464
805
622
843
886
175
239
124
967
431
129
408
515
615
263
142
477
747
935
515
143
798
310
639
259
161
459
159
261
788
738
591
137
419
624
925
634
576
357
293
811
237
14
762
155
370
861
528
756
743
91
69
271
689
328
62
666
735
472
87
959
282
781
445
469
747
272
609
276
845
811
127
906
931
509
5
460
567
262
885
667
751
570
552
610
470
977
566
94
489
742
82
907
578
613
134
440
560
799
942
417
889
510
41
704
648
663
264
447
164
629
900
10
645
115
548
460
523
549
482
566
410
577
563
565
860
528
9
171
335
956
549
556
67
626
778
297
727
542
746
522
72
889
85
725
1
982
222
15
685
600
466
745
688
303
24
787
265
588
246
922
248
8
632
79
192
599
411
420
708
229
736
483
153
736
782
893
99
945
315
357
245
952
504
935
715
257
39
816
884
617
851
93
182
736
971
265
530
134
340
445
336
821
595
518
226
627
159
735
921
293
147
460
946
694
910
80
88
796
260
284
759
209
656
227
720
437
926
283
800
201
291
387
559
432
766
207
59
789
215
614
153
831
615
188
984
178
327
764
605
291
416
217
887
720
324
7
150
923
433
191
174
38
321
901
528
189
767
519
377
211
774
32
185
878
196
296
7
23
723
214
270
129
317
